0000000000000000
0000000000101001
0000000001000011
0000000001000101
0000000000101111
0000000000001010
1111111111100110
1111111111010000
1111111111010010
1111111111101100
0000000000010100
0000000000111101
0000000001010111
0000000001011001
0000000001000011
0000000000011110
1111111111111001
1111111111100011
1111111111100101
1111111111111110
0000000000100111
0000000001001111
0000000001101000
0000000001101010
0000000001010100
0000000000101110
0000000000001001
1111111111110011
1111111111110100
0000000000001101
0000000000110101
0000000001011101
0000000001110110
0000000001110111
0000000001100000
0000000000111011
0000000000010101
1111111111111110
1111111111111111
0000000000010111
0000000000111110
0000000001100110
0000000001111110
0000000001111111
0000000001100111
0000000001000001
0000000000011011
0000000000000011
0000000000000011
0000000000011011
0000000001000010
0000000001101000
0000000010000000
0000000010000000
0000000001101000
0000000001000001
0000000000011010
0000000000000010
0000000000000001
0000000000011000
0000000000111110
0000000001100100
0000000001111100
0000000001111011
0000000001100010
0000000000111011
0000000000010011
1111111111111010
1111111111111001
0000000000010000
0000000000110101
0000000001011010
0000000001110001
0000000001110000
0000000001010110
0000000000101110
0000000000000110
1111111111101101
1111111111101011
0000000000000010
0000000000100111
0000000001001100
0000000001100010
0000000001100000
0000000001000110
0000000000011110
1111111111110101
1111111111011100
1111111111011010
1111111111110000
0000000000010100
0000000000111001
0000000001001111
0000000001001101
0000000000110011
0000000000001010
1111111111100010
1111111111001000
1111111111000110
1111111111011011
0000000000000000
0000000000100101
0000000000111010
0000000000111000
0000000000011110
1111111111110110
1111111111001101
1111111110110011
1111111110110001
1111111111000111
1111111111101100
0000000000010000
0000000000100110
0000000000100100
0000000000001011
1111111111100010
1111111110111010
1111111110100000
1111111110011110
1111111110110100
1111111111011001
1111111111111110
0000000000010101
0000000000010011
1111111111111010
1111111111010010
1111111110101010
1111111110010000
1111111110001111
1111111110100110
1111111111001011
1111111111110000
0000000000000111
0000000000000110
1111111111101101
1111111111000101
1111111110011110
1111111110000101
1111111110000100
1111111110011100
1111111111000010
1111111111101000
1111111111111111
1111111111111110
1111111111100110
1111111110111111
1111111110011000
1111111110000000
1111111110000000
1111111110011000
1111111110111110
1111111111100101
1111111111111101
1111111111111101
1111111111100101
1111111110111111
1111111110011001
1111111110000001
1111111110000010
1111111110011010
1111111111000010
1111111111101001
0000000000000001
0000000000000010
1111111111101011
1111111111000101
1111111110100000
1111111110001001
1111111110001010
1111111110100011
1111111111001011
1111111111110011
0000000000001100
0000000000001101
1111111111110111
1111111111010010
1111111110101100
1111111110010110
1111111110011000
1111111110110001
1111111111011001
0000000000000010
0000000000011011
0000000000011101
0000000000000111
1111111111100010
1111111110111101
1111111110100111
1111111110101001
1111111111000011
1111111111101100
0000000000010100
0000000000101110
0000000000110000
0000000000011010
1111111111110110
1111111111010001
1111111110111011
1111111110111101
1111111111010111
